01225048833
01001842292
01111555890
01123708117
01117926337
01092100420
01119890363
01064917639
01143006073
01097257227
01002916058
01068633533
01023410318
01122237905
01003565003
01009506260
01002193093
01509956740
01144675500
01275416989
01011727799
01021910679
01005883782
01011727799
01141710632
01113671974
01066192397
01108787460
01225105541
01064625553
01224262917
01559966455
01090700061
01011411177
01030431563
01108787460
01001192724
01275577789
01001192724
01015071026
01144500795
01025510255
01068633533
01093230604
01021555221
01020526009
01013766270
01023410318
01063727657
01091030207
01096346994
01008304345
01003565003
01143899200
01020444244
01559966455
01001041238
01094903797
01114060402
01100098899
01097257227
01275912886
01061532608
01116039738
01278527843
01034936925
01095923733
01002916058
01222893037
01118779494
01128933140
01090700061
01207808828
01112189857
01000931294
01143899200
01017562942
01060444114
01120772444
01002795934
01063621006
01094439890
01004736690
01023410318
01023410318
01019164882
01120772444
01023410318
01119701300
01023410318
01021910679
01017831214
01040299622
01015752109
01225647874
01011154964
01158754694
01275912886
01091030207
01126880362
01001981012
01143899200
01063621006
01111555890
01277950431
01019164882
01021910679
01202824364
01065089862
01017831214
01064917639
01220284684
01017562942
01271078433
01158754694
01027155555
01002047627
01100098899
01108787460
01108787460
01286049137
01155518798
01220284684
01014494826
01556002071
01069995057
01288108438
01033653657
01013103399
01091030207
01118725465
01005571716
01144948975
01021910679
01143006073
01001842292
01033676956
01060722870
01013281759
01070669395
01020444244
01144948975
01017562942
01066192397
01220859278
