+201225048833
+201001842292
+201111555890
+201123708117
+201117926337
+201092100420
+201119890363
+201064917639
+201143006073
+201097257227
+201002916058
+201068633533
+201023410318
+201122237905
+201003565003
+201009506260
+201002193093
+201509956740
+201144675500
+201275416989
+201011727799
+201021910679
+201005883782
+201141710632
+201113671974
+201066192397
+201108787460
+201225105541
+201064625553
+201224262917
+201559966455
+201090700061
+201011411177
+201030431563
+201001192724
+201275577789
+201015071026
+201144500795
+201025510255
+201093230604
+201021555221
+201020526009
+201013766270
+201063727657
+201091030207
+201096346994
+201008304345
+201143899200
+201020444244
+201001041238
+201094903797
+201114060402
+201100098899
+201275912886
+201061532608
+201116039738
+201278527843
+201034936925
+201095923733
+201222893037
+201118779494
+201128933140
+201207808828
+201112189857
+201000931294
+201017562942
+201060444114
+201120772444
+201002795934
+201063621006
+201094439890
+201004736690
+201019164882
+201119701300
+201017831214
+201040299622
+201015752109
+201225647874
+201011154964
+201158754694
+201126880362
+201001981012
+201277950431
+201202824364
+201065089862
+201220284684
+201271078433
+201027155555
+201002047627
+201286049137
+201155518798
+201014494826
+201556002071
+201069995057
+201288108438
+201033653657
+201013103399
+201118725465
+201005571716
+201144948975
+201033676956
+201060722870
+201013281759
+201070669395
+201220859278
+201063831529
+201550839214
+201141970703
+201212900070
+201223304054
+201016168526
+201000341358
+201095320003
+201145251515
+201143680094
+201144948975
+201141550898
+201222150316
+201141550989
+201033060139
+201099443005
+201040003393
+201157771179
+201550850945
+201067181361
+201001918093
+201020896595
+201000447112
+201023410318
+201145260887
+201015511210
+201111669663
+201200034309
+201065532277
+201022603893
+201100222684
+201021027265
+201003575158
+201011435550
+201223179966
+201015049702
+201063105296
+201113291848
+201022915953
+201277262239
+201010220001
+201011727799
+201111363016
+201044333306
+201090500056
+201003804171
+201288797706
+201061665603
+201069364093
+201119673184
+201020460564
+201025253487
+201080456073
+201212353088
+201225221258
+201000030530
+201111557896
+201101589435
+201000696078
+201000340615
+201222797621
+201005779706
+201095234668
+201095367212
+201005686004
+201125430430
+201128128335
+201272267266
+201145811678
+201226354401
+201123708117
+201001655353
+201140855559
+201147060009
+201007187401
+201103339247
+201552692463
+201107190002
+201123255855
+201122873589
+201018829841
+201013741544
+201110888138
+201099373905
+201152454457
+201003141393
+201007407055
+201120449776
+201113263456
+201288808264
+201124815793
+201114382500
+201150415268
+201044038555
+201288806009
+201100098899
+201064798451
+201117155573
+201069768609
+201273620700
+201147085577
+201116583623
+201022677077
+201273602342
+201031663878
+201122699991
+201122336666
+201014739863
+201096965553
+201503303266
+201009285999
+201022060315
+201005741880
+201094900047
+201120159081
+201019849401
+201225420223
+201012163314
+201152115277
+201118211449
+201021813436
+201222957653
+201019093921
+201007071246
+201100055503
+201005095672
+201223626375
+201005365552
+201119195309
+201507611898
+201123800317
+201122237905
+201111141511
+201123736833
+201153827276
+201098008220
+201223813188
+201094055531
+201144043218
+201118702326
+201029699799
+201143249227
+201005893719
+201155230197
+201001484850
+201111362492
+201080971133
+201016111931
+201501524994
+201002646277
+201001196475
+201129893975
+201002857979
+201016103836
+201500399669
+201127009162
+201120666114
+201014863063
+201020405086
+201015303596
+201098899599
+201009086115
+201201824924
+201142873546
+201223947246
+201273536571
+201000118467
+201142074745
+201142745990
+201141113004
+201121491130
+201222813780
+201222878930
+201155041047
+201225191421
+201212954549
+201116596698
+201003784967
+201229576586
+201020402552
+201098347871
+201282421828
+201065002074
+201144068000
+201284683638
+201229434926
+201003441731
+201061802469
+201281819999
+201001912572
+201016761414
+201029170155
+201024238515
+201099331231
+201007362200
+201152001292
+201093851562
+201005111824
+201025513178
+201552323142
+201117792510
+201060889916
+201146987036
+201224139370
+201003030830
+201007333447
+201116108616
+201064625553
+201117252745
+201002795934
+201001842292
+201552323144
+201144877300
+201027720642
+201152786025
+201097041370
+201005451909
+201007416779
+201060097603
+201014454543
+201090327409
+201030000377
+201128030011
+201221009561
+201009213059
+201019605476
+201006095737
+201558770450
+201069642520
+201286122142
+201012495622
+201222632219
+201020526009
+201112489042
+201068866442
+201015017015
+201019225307
+201096767856
+201001167698
+201094746217
+201226616548
+201000447114
+201094377059
+201226443510
+201018222823
+201204652007
+201126220614
+201000920670
+201553480905
+201013103399
+201007076599
+201031154541
+201025510255
+201113651118
+201005522879
+201067665063
+201034938391
+201069680105
+201554856330
+201030390909
+201003459559
+201050630404
+201150040499
+201111380042
+201093384999
+201026458730
+201143606362
+201095704700
+201282378623
+201065782275
+201274092379
+201034938398
+201124305835
+201002200010
+201110420317
+201000600531
+201001288496
+201067473159
+201117926337
+201555405782
+201061692126
+201140941957
+201114100075
+201067121269
+201068633533
+201062375677
+201008666648
+201090527278
+201200063146
+201272888533
+201092048028
+201010075739
+201000822129
+201555027305
+201142888619
+201004167742
+201020341800
+201068338397
+201285709666
+201152752736
+201555510444
+201125600007
+201092395978
+201117704301
+201003540979
+201120477222
+201112829130
+201225961244
+201025530725
+201010976295
+201011223084
+201156297916
+201011870740
+201007472217
+201002000170
+201015253137
+201004599407
+201155597000
+201126822041
+201220049990
+201023774884
+201221991003
+201256858585
+201005610193
+201118711193
+201005740889
+201011341115
+201069937776
+201111711247
+201020402040
+201111328653
+201223388021
+201098898839
+201027919279
+201556492904
+201001636301
+201006595910
+201223827094
+201097957406
+201027397535
+201030823152
+201551173106
+201100668800
+201005209906
+201222440052
+201118944424
+201205175435
+201000141555
+201124432470
+201026086913
+201113332215
+201150337094
+201270050022
+201270174388
+201112633020
+201024545450
+201013781963
+201094083027
+201229871197
+201000707494
+201125256055
+201001658739
+201004375809
+201093119866
+201122464679
+201007645000
+201023270670
+201285212149
+201112182260
+201125036772
+201123451795
+201019192299
+201011894044
+201210000621
+201008621169
+201020010146
+201022069269
+201063534183
+201008336220
+201118725465
+201006077431
+201212312133
+201285241455
+201069767655
+201021968175
+201096626350
+201000620069
+201145519793
+201010071746
+201227905022
+201067248694
+201005097764
+201000733085
+201229689794
+201153609035
+201145014892
+201004049593
+201112633143
+201111360573
+201013726469
+201014295929
+201001503072
+201032601058
+201140044332
+201001226472
+201100367116
+201002408515
+201223944215
+201068850070
+201000179399
+201001450620
+201007067564
+201007984678
+201154226426
+201155509402
+201286714781
+201096111686
+201004721746
+201227816967
+201013493112
+201157533600
+201061613130
+201223798815
+201055115573
+201008408404
+201029000002
+201003328765
+201004434666
+201223366703
+201003017368
+201117770576
+201011898884
+201143899200
+201017726350
+201090572547
+201221212198
+201150646946
+201207808828
+201023052714
+201121539971
+201110258876
+201128940107
+201010333502
+201149801780
+201000755166
+201276969858
+201274022660
+201005573130
+201067080326
+201158545004
+201145079510
+201003831443
+201150081190
+201145035050
+201222113229
+201143026804
+201000634403
+201066239934
+201117775664
+201060666323
+201069109293
+201095417600
+201111660399
+201011566335
+201014714206
+201207777881
+201110604484
+201006451769
+201001664493
+201000364403
+201025115201
+201050004554
+201014337512
+201223406143
+201005883782
+201000167706
+201020825988
+201093632419
+201147510333
+201114239673
+201105907614
+201040299622
+201100660091
+201027758229
+201032764023
+201003747152
+201070649466
+201004409069
+201065007520
+201025693390
+201020106747
+201225516696
+201557367511
+201014292888
+201144601660
+201122013800
+201115222442
+201090463121
+201050567266
+201004788962
+201116915344
+201275577789
+201030008811
+201155319597
+201001876083
+201005358278
+201146824983
+201001340062
+201113671974
+201278527843
+201009964847
+201006168030
+201151363450
+201090790282
+201098304800
+201040909341
+201000154481
+201005208101
+201001432944
+201007687630
+201113571478
+201154457923
+201112841806
+201094688590
+201279867758
+201112325232
+201273037135
+201007776270
+201116226168
+201023423857
+201121841806
+201068000003
+201222896796
+201097725956
+201001069262
+201118785799
+201277653383
+201141996778
+201149272297
+201211666630
+201208252997
+201119413350
+201159407222
+201116165947
+201069943022
+201017905378
+201102955201
+201224167555
+201021999687
+201116662137
+201120943416
+201229588287
+201277555898
+201026166366
+201004229058
+201060722870
+201004736690
+201200073277
+201150745887
+201029079746
+201111555890
+201016205843
+201030431563
+201096262860
+201093505144
+201001547349
+201032402403
+201019164882
+201141018450
+201208552376
+201068073310
+201112211569
+201111892426
+201121709864
+201030959911
+201110985595
+201285075666
+201140965225
+201009101000
+201280440550
+201122446877
+201111892425
+201094320306
+201115144214
+201558026556
+201022496544
+201141800238
+201113416260
+201144444334
+201555811162
+201159888444
+201012038718
+201002487629
+201000718885
+201279239000
+201007789386
+201064747442
+201144500795
+201005212662
+201023192581
+201066300301
+201018336621
+201004969646
+201005312539
+201090400128
+201119235941
+201090408184
+201272260155
+201101502314
+201105385373
+201155009008
+201080971144
+201061661046
+201061445772
+201010306049
+201098297555
+201069995057
+201063966922
+201007956644
+201113543269
+201129267088
+201066192397
+201228384446
+201015615329
+201100236377
+201118779494
+201005560549
+201000090525
+201001086377
+201060372759
+201143006073
+201021531333
+201012767645
+201021910679
+201002849065
+201002554387
+201097257227
+201090956233
+201115070342
+201009304337
+201013281759
+201131680507
+201001192724
+201009503310
+201005461980
+201117734596
+201069319365
+201211151030
+201092714041
+201147076459
+201007249573
+201103686868
+201142240464
+201157999899
+201093230604
+201008183980
+201060363161
+201009207654
+201090700061
+201018544679
+201006267523
+201017779977
+201017831214
+201019533088
+201130386939
+201142896085
+201091944906
+201224262917
+201061327580
+201069963887
+201063836540
+201066609435
+201007266642
+201023195281
+201001223043
+201000060994
+201091030207
+201555767525
+201010222228
+201003792827
+201094177996
+201015752109
+201229235978
+201278942121
+201158924166
+201277950431
+201063366946
+201008212099
+201097629384
+201002875906
+201159290204
+201205452119
+201013766270
+201113455123
+201013644370
+201063621006
+201128933140
+201142518688
+201060444114
+201284681815
+201063055866
+201025398193
+201005260421
+201023205689
+201112622111
+201008304345
+201013783189
+201011154964
+201002916058
+201098866507
+201147090708
+201111196596
+201005064036
+201027331635
+201068645602
+201201697826
+201229371222
+201066884706
+201008286776
+201002792172
+201096809141
+201012167777
+201042431674
+201000853106
+201126880362
+201001702244
+201011411177
+201061740565
+201034936925
+201111070829
+201509956740
+201006100372
+201225048833
+201092100420
+201119890363
+201064917639
+201067956672
+201144948975
+201143680094
+201090320719
+201015303596
+201023774884
+201110777846
+201500399669
+201098008220
+201006168030
+201060827518
+201040321821
+201005893719
+201124555693
+201001746079
+201095313368
+201008621169
+201020405086
+201222635442
+201113263456
+201099181222
+201220291984
+201274556221
+201003575158
+201070816002
+201013741544
+201014454543
+201010220001
+201009600069
+201124305835
+201032400055
+201066806555
+201212900070
+201146585036
+201281819999
+201025510255
+201148361086
+201128933140
+201069436100
+201000447112
+201005093330
+201004326862
+201065833359
+201113777740
+201142296333
+201552551695
+201080456073
+201207055989
+201098347871
+201008212099
+201285574147
+201100222684
+201557157775
+201020010146
+201288797706
+201061065577
+201017443746
+201020696408
+201050378711
+201009285999
+201001616715
+201009985270
+201026031299
+201022060315
+201065822368
+201145251515
+201066949144
+201152709246
+201225516696
+201001130002
+201114382500
+201000331288
+201000892869
+201001562815
+201101409207
+201123991876
+201097929009
+201152752736
+201019164882
+201007788966
+201018875264
+201069364093
+201029900145
+201007517264
+201150046413
+201003804171
+201003017368
+201223798815
+201016982151
+201003657716
+201147085577
+201551599992
+201143249227
+201142896085
+201012887387
+201007249573
+201119018224
+201273450510
+201550839214
+201080971133
+201022603893
+201095570436
+201001554499
+201014494826
+201022069269
+201015402005
+201030233222
+201112289081
+201148511011
+201157682945
+201062391203
+201094231603
+201095234668
+201001912572
+201009684618
+201070649466
+201116673555
+201005111824
+201159520324
+201015253137
+201006595910
+201200083416
+201156980188
+201274324347
+201156677556
+201012006400
+201211796398
+201022733526
+201070869512
+201140069236
+201032601058
+201012913922
+201221793981
+201126448641
+201142079469
+201554856330
+201004500469
+201005365552
+201004167742
+201222747951
+201126822041
+201551102385
+201158545004
+201003085365
+201284061412
+201107339026
+201007627009
+201090327409
+201099443005
+201007200177
+201061685000
+201000696078
+201019093921
+201064467588
+201009476151
+201015511210
+201223813188
+201119151648
+201060908445
+201033417888
+201003698334
+201113291848
+201012495622
+201123051482
+201026309525
+201001222152
+201000012280
+201069642520
+201006860384
+201223304054
+201143539712
+201069937776
+201222333339
+201553746786
+201003339996
+201001285154
+201000733085
+201000817434
+201025405296
+201067295076
+201129285781
+201026504460
+201003441731
+201111669663
+201023410318
+201002775938
+201004325846
+201025880955
+201286694107
+201273749910
+201012783009
+201009193773
+201119519348
+201223355432
+201001918093
+201007171847
+201024238515
+201116583623
+201015017015
+201014377331
+201277262239
+201003509869
+201005327606
+201095320003
+201013300001
+201063831529
+201147970703
+201064887887
+201060097603
+201004817170
+201069768609
+201141970703
+201000420236
+201150040499
+201070696529
+201158410390
+201285093338
+201011727799
+201010437809
+201113925024
+201000060994
+201016761414
+201003353536
+201098899599
+201100415814
+201005451909
+201118129465
+201113209864
+201009740906
+201110424940
+201021027265
+201200034617
+201068866442
+201002380694
+201285673638
+201002082146
+201027572900
+201005686004
+201011599535
+201002111555
+201032011555
+201002966558
+201145811678
+201099373905
+201066754852
+201020526009
+201204355271
+201055520345
+201014877143
+201007776270
+201020103383
+201006262571
+201064000591
+201064848171
+201120666114
+201033574080
+201119078120
+201006448625
+201066884706
+201026551417
+201277113351
+201008408404
+201113963693
+201120702319
+201070167020
+201000333720
+201142093338
+201158240356
+201153053372
+201065888820
+201141884899
+201220049990
+201017491101
+201060477446
+201101132275
+201274201505
+201211113459
+201147650455
+201202337104
+201220618832
+201110875359
+201205864681
+201551196153
+201119891120
+201000349264
+201094439890
+201007984678
+201011256845
+201003258884
+201115670090
+201289000998
+201013448037
+201140533531
+201143238270
+201000600531
+201101258785
+201091864158
+201009643808
+201222931999
+201223266645
+201113894669
+201143265333
+201111892425
+201118725465
+201069939994
+201117000905
+201006941479
+201149507957
+201001658739
+201010660251
+201011039130
+201064596429
+201152789291
+201021192153
+201068221952
+201225883607
+201101448949
+201551272959
+201064625553
+201151030036
+201033707008
+201223738282
+201151983638
+201222938999
+201025818375
+201009459249
+201060477426
+201157782118
+201111360573
+201020622162
+201099394745
+201013358080
+201272287889
+201067121269
+201156297916
+201111183378
+201066282251
+201270066602
+201008144044
+201094641325
+201066069480
+201270050022
+201030582817
+201220583013
+201095798291
+201001225190
+201006749781
+201011028883
+201009677969
+201121999954
+201025983434
+201009514382
+201221030111
+201004434666
+201002241818
+201007196420
+201117137074
+201127237566
+201025093035
+201002200010
+201289751438
+201015853637
+201128468016
+201117155573
+201116206363
+201221744164
+201117278275
+201152001292
+201090919942
+201062219506
+201117523501
+201017314598
+201115100281
+201125804528
+201024657390
+201210556862
+201145327152
+201152603143
+201004736690
+201020707724
+201111970652
+201018085557
+201010028789
+201211393592
+201157580960
+201120449776
+201000920670
+201118957881
+201021222212
+201208417525
+201019408026
+201014714602
+201003465191
+201129082013
+201113222813
+201125900930
+201006918139
+201123800317
+201113045655
+201144445007
+201006339726
+201002988666
+201140301177
+201280655905
+201129431117
+201126746103
+201010306049
+201001600511
+201061665603
+201015833730
+201227389294
+201286744724
+201097944423
+201001421288
+201100029100
+201224426183
+201017332422
+201277744448
+201119773855
+201017870059
+201067385305
+201112325232
+201000299207
+201003279463
+201007706613
+201005160118
+201000753102
+201060978966
+201018264274
+201003888114
+201126600010
+201129016330
+201028063139
+201062413640
+201024350788
+201006037946
+201068947229
+201119001880
+201069753703
+201020404567
+201124030470
+201092880194
+201126211111
+201154208950
+201001687964
+201025205155
+201277639300
+201116160949
+201005007117
+201017982223
+201008100745
+201226893687
+201120858100
+201016493810
+201003784967
+201278527843
+201159429147
+201288111144
+201113306097
+201557058882
+201153322334
+201283273301
+201026676814
+201210468552
+201028040699
+201228833057
+201557367511
+201119266997
+201006906204
+201006060852
+201095882829
+201229483613
+201026656338
+201112330767
+201014411000
+201094457373
+201119060343
+201092924944
+201149500035
+201031276564
+201152285406
+201224021444
+201127805546
+201022537255
+201005078947
+201286788848
+201063777761
+201156263691
+201091075706
+201119435027
+201207688000
+201555405782
+201271861797
+201001226472
+201009355553
+201029994453
+201002770797
+201069640645
+201095754833
+201117630627
+201146749533
+201030408329
+201099331231
+201156263961
+201000380309
+201112269699
+201227023966
+201098646431
+201227200618
+201150061553
+201289640006
+201556003656
+201221430919
+201115003020
+201098234241
+201225191421
+201015522257
+201024420316
+201116690424
+201286472809
+201124104568
+201019605476
+201280317357
+201116660135
+201111823076
+201279112666
+201099882421
+201127854453
+201063604247
+201007161625
+201032000160
+201004592359
+201022385487
+201126220614
+201099926887
+201050964803
+201017850746
+201227102445
+201112182260
+201201097272
+201210101993
+201099179365
+201019335176
+201091920750
+201207294964
+201121414427
+201006211106
+201065532277
+201023355731
+201094943033
+201113651118
+201157007879
+201030984047
+201003761400
+201023501881
+201159337883
+201224562366
+201118095036
+201221366321
+201118316127
+201006138886
+201010876264
+201119803904
+201129447232
+201143883415
+201146335129
+201024085087
+201024166777
+201212341770
+201212942484
+201117246545
+201008458664
+201101268083
+201032135256
+201000444993
+201111141511
+201222878930
+201006086569
+201000848100
+201119701300
+201013115305
+201222791405
+201116360009
+201090303601
+201067181361
+201284808491
+201124219373
+201018952844
+201023848253
+201033240338
+201220600015
+201120725355
+201141018450
+201280303090
+201279097327
+201503504181
+201018283139
+201141793873
+201101211299
+201155597000
+201145145460
+201220214975
+201118702326
+201010277499
+201110960207
+201154532933
+201227460832
+201099046838
+201016472259
+201155041047
+201129848697
+201143969153
+201019174897
+201033121403
+201505909107
+201069753709
+201144647113
+201204089539
+201003337969
+201007071246
+201005679777
+201223246200
+201229643040
+201503008416
+201096475060
+201095058582
+201149240175
+201144334322
+201554208999
+201013152730
+201069200234
+201010480036
+201153764436
+201203535980
+201553200793
+201029230611
+201013430465
+201007224139
+201006140016
+201099443305
+201065955313
+201055704379
+201011257380
+201119904799
+201027327812
+201122699991
+201020341800
+201032539940
+201022875966
+201116140444
+201122288561
+201000141555