رقم التليفون
+201063831529
+201550839214
+201141970703
+201212900070
+201223304054
+201016168526
+201000341358
+201095320003
+201145251515
+201143680094
+201144948975
+201141550898
+201222150316
+201141550989
+201033060139
+201099443005
+201040003393
+201157771179
+201222150316
+201145251515
+201550850945
+201144948975
+201223304054
+201067181361
+201001918093
+201141550989
+201020896595
+201000447112
+201023410318
+201145260887
+201015511210
+201023410318
+201095320003
+201111669663
+201145251515
+201200034309
+201000447112
+201065532277
+201200034309
+201022603893
+201100222684
+201021027265
+201003575158
+201223304054
+201144948975
+201011435550
+201223179966
+201015049702
+201111669663
+201144948975
+201063105296
+201095320003
+201223304054
+201113291848
+201000447112
+201022915953
+201021027265
+201022915953
+201144948975
+201277262239
+201010220001
+201011727799
+201095320003
+201111363016
+201044333306
+201141970703
+201141970703
+201157771179
+201090500056
+201033060139
+201003804171
+201144948975
+201023410318
+201033060139
+201022915953
+201288797706
+201061665603
+201033060139
+201069364093
+201119673184
+201011727799
+201100222684
+201020460564
+201111669663
+201025253487
+201080456073
+201212353088
+201022915953
+201212900070
+201100222684
+201144948975
+201143680094
+201144948975
+201225221258
+201000030530
+201113291848
+201020896595
+201212900070
+201144948975
+201111557896
+201288797706
+201101589435
+201225221258
+201000696078
+201000340615
+201023410318
+201222797621
+201005779706
+201095234668
+201095367212
+201100222684
+201005779706
+201005686004
+201000341358
+201125430430
+201128128335
+201011727799
+201272267266
+201225221258
+201023410318
+201145811678
+201022915953
+201144948975
+201226354401
+201001918093
+201123708117
+201001655353
+201140855559
+201100222684
+201147060009
+201147060009
+201007187401
+201095320003
+201157771179
+201000341358
+201225221258
+201103339247
+201022915953
+201125430430
+201552692463
+201144948975
+201212900070
+201107190002
+201123255855
+201144948975
+201095320003
+201122873589
+201157771179
+201018829841
+201095234668
+201013741544
+201110888138
+201099373905
+201011727799
+201152454457
+201003141393
+201007407055
+201157771179
+201007407055
+201120449776
+201144948975
+201095234668
+201022603893
+201113263456
+201144948975
+201288808264
+201144948975
+201124815793
+201114382500
+201225221258
+201095320003
+201150415268
+201144948975
+201143680094
+201023410318
+201095234668
+201044038555
+201288806009
+201145251515
+201023410318
+201143680094
+201100098899
+201095320003
+201064798451
+201143680094
+201003575158
+201117155573
+201157771179
+201069768609
+201273620700
+201147085577
+201011435550
+201095234668
+201145251515
+201116583623
+201022677077
+201273602342
+201100098899
+201031663878
+201122699991
+201000341358
+201111363016
+201005686004
+201023410318
+201111557896
+201122336666
+201014739863
+201144948975
+201096965553
+201023410318
+201099373905
+201503303266
+201143680094
+201009285999
+201013741544
+201022060315
+201005741880
+201000341358
+201033060139
+201003575158
+201094900047
+201120159081
+201145251515
+201019849401
+201095234668
+201225420223
+201011727799
+201012163314
+201000341358
+201122336666
+201152115277
+201013741544
+201013741544
+201000341358
+201118211449
+201013741544
+201011727799
+201125430430
+201095234668
+201021813436
+201222957653
+201011727799
+201019093921
+201007071246
+201100055503
+201005095672
+201123708117
+201120159081
+201122699991
+201113263456
+201223626375
+201005365552
+201019093921
+201119195309
+201144948975
+201123708117
+201019093921
+201507611898
+201095320003
+201120159081
+201020896595
+201123800317
+201122237905
+201111141511
+201113263456
+201123736833
+201153827276
+201143680094
+201098008220
+201223813188
+201094055531
+201111363016
+201144043218
+201065532277
+201003575158
+201273620700
+201118702326
+201029699799
+201143249227
+201023410318
+201005893719
+201155230197
+201150415268
+201222150316
+201118702326
+201150415268
+201001484850
+201120159081
+201111362492
+201080971133
+201029699799
+201016111931
+201501524994
+201123708117
+201002646277
+201001196475
+201020896595
+201129893975
+201002857979
+201016103836
+201500399669
+201127009162
+201120666114
+201014863063
+201020405086
+201015303596
+201098899599
+201123736833
+201009086115
+201201824924
+201142873546
+201099373905
+201223947246
+201273536571
+201000118467
+201016103836
+201223947246
+201144948975
+201142074745
+201099373905
+201000118467
+201022677077
+201099373905
+201157771179
+201142745990
+201552692463
+201001918093
+201500399669
+201067181361
+201009086115
+201011727799
+201116583623
+201099373905
+201044038555
+201143680094
+201141113004
+201005686004
+201121491130
+201099373905
+201011727799
+201222813780
+201222878930
+201005893719
+201023410318
+201157771179
+201212900070
+201144948975
+201155041047
+201225191421
+201002646277
+201007071246
+201007407055
+201023410318
+201212954549
+201123736833
+201023410318
+201116596698
+201003784967
+201011435550
+201229576586
+201098008220
+201020402552
+201098347871
+201098008220
+201143680094
+201282421828
+201065002074
+201145251515
+201099373905
+201099373905
+201144068000
+201113263456
+201273620700
+201116583623
+201284683638
+201273620700
+201229434926
+201065002074
+201212900070
+201222150316
+201145251515
+201003441731
+201061802469
+201020402552
+201143680094
+201281819999
+201044333306
+201001918093
+201016111931
+201011727799
+201001912572
+201016103836
+201016761414
+201013741544
+201029170155
+201118702326
+201157771179
+201023410318
+201024238515
+201099331231
+201007362200
+201152001292
+201065002074
+201144948975
+201098899599
+201029699799
+201020896595
+201023410318
+201024238515
+201013741544
+201007071246
+201013741544
+201127009162
+201225191421
+201023410318
+201144948975
+201093851562
+201005111824
+201025513178
+201552323142
+201157771179
+201117792510
+201060889916
+201003575158
+201146987036
+201145251515
+201224139370
+201003030830
+201117792510
+201007333447
+201116108616
+201005686004
+201024238515
+201064625553
+201117252745
+201113263456
+201122873589
+201023410318
+201002795934
+201001842292
+201552323144
+201144877300
+201027720642
+201016111931
+201152786025
+201097041370
+201111363016
+201005451909
+201024238515
+201507611898
+201500399669
+201007416779
+201116583623
+201060097603
+201014454543
+201507611898
+201090327409
+201500399669
+201022677077
+201123736833
+201003441731
+201229576586
+201013741544
+201023410318
+201030000377
+201128030011
+201022060315
+201221009561
+201014454543
+201009213059
+201019605476
+201007416779
+201099373905
+201144948975
+201144948975
+201507611898
+201006095737
+201273620700
+201558770450
+201011727799
+201011435550
+201069642520
+201286122142
+201122237905
+201122873589
+201012495622
+201222632219
+201020526009
+201112489042
+201222150316
+201001918093
+201068866442
+201015017015
+201123736833
+201284683638
+201019225307
+201096767856
+201064625553
+201127009162
+201222150316
+201001167698
+201094746217
+201226616548
+201000447114
+201002795934
+201013741544
+201142074745
+201112489042
+201094377059
+201019225307
+201288797706
+201000118467
+201023410318
+201116108616
+201013741544
+201226443510
+201093851562
+201061802469
+201117252745
+201018222823
+201064625553
+201001167698
+201113263456
+201204652007
+201005893719
+201126220614
+201122237905
+201000920670
+201099331231
+201142074745
+201553480905
+201112489042
+201143680094
+201013103399
+201001918093
+201144948975
+201155041047
+201007076599
+201222150316
+201068866442
+201553480905
+201031154541
+201553480905
+201000118467
+201000920670
+201025510255
+201143680094
+201113651118
+201273620700
+201000696078
+201005522879
+201020896595
+201204652007
+201006095737
+201067665063
+201143680094
+201144948975
+201144948975
+201112489042
+201034938391
+201123736833
+201069680105
+201122237905
+201094746217
+201554856330
+201010220001
+201000696078
+201030390909
+201113651118
+201069680105
+201016111931
+201061802469
+201144948975
+201003459559
+201122237905
+201144948975
+201123708117
+201288797706
+201112489042
+201050630404
+201150040499
+201095234668
+201111380042
+201095234668
+201113263456
+201093384999
+201122237905
+201094746217
+201095234668
+201144948975
+201026458730
+201550839214
+201144948975
+201094746217
+201143606362
+201026458730
+201117252745
+201273620700
+201144948975
+201553480905
+201013103399
+201095704700
+201093851562
+201282378623
+201093384999
+201069680105
+201122237905
+201273620700
+201117252745
+201065782275
+201274092379
+201006095737
+201113651118
+201284683638
+201147085577
+201016103836
+201034938398
+201124305835
+201141970703
+201097041370
+201002200010
+201093851562
+201273620700
+201201824924
+201110420317
+201000600531
+201026458730
+201001842292
+201001288496
+201067473159
+201111363016
+201223813188
+201274092379
+201005686004
+201117926337
+201003804171
+201065782275
+201114382500
+201274092379
+201061665603
+201555405782
+201061692126
+201140941957
+201143606362
+201044333306
+201144948975
+201114100075
+201067121269
+201144948975
+201274092379
+201068633533
+201111380042
+201062375677
+201008666648
+201273620700
+201090527278
+201200063146
+201272888533
+201123708117
+201000447112
+201144948975
+201092048028
+201122237905
+201223813188
+201273620700
+201090527278
+201143606362
+201143680094
+201013741544
+201061802469
+201144948975
+201141970703
+201010075739
+201000822129
+201554856330
+201554856330
+201123708117
+201044333306
+201010075739
+201044333306
+201044333306
+201044333306
+201144948975
+201002200010
+201112489042
+201274092379
+201555027305
+201142888619
+201068866442
+201004167742
+201014454543
+201010075739
+201274092379
+201117926337
+201020341800
+201068338397
+201067121269
+201285709666
+201155041047
+201152752736
+201144948975
+201555510444
+201067121269
+201096965553
+201061802469
+201274092379
+201125600007
+201092395978
+201117704301
+201144948975
+201003540979
+201067121269
+201120477222
+201112829130
+201225961244
+201025530725
+201010976295
+201010075739
+201284683638
+201011223084
+201067121269
+201030390909
+201144948975
+201068866442
+201156297916
+201225420223
+201274092379
+201144948975
+201011870740
+201007472217
+201002000170
+201002646277
+201284683638
+201015253137
+201004599407
+201013103399
+201155597000
+201126822041
+201004599407
+201220049990
+201025530725
+201023774884
+201061802469
+201221991003
+201023774884
+201023410318
+201003540979
+201256858585
+201005610193
+201022915953
+201113263456
+201118711193
+201005610193
+201044333306
+201061802469
+201127009162
+201010220001
+201127009162
+201144948975
+201144948975
+201004167742
+201011223084
+201005740889
+201098008220
+201001918093
+201273536571
+201144948975
+201011341115
+201069937776
+201152752736
+201144948975
+201044333306
+201010220001
+201004599407
+201225191421
+201284683638
+201111711247
+201064625553
+201020896595
+201145260887
+201144948975
+201004599407
+201144948975
+201117252745
+201204652007
+201112829130
+201067121269
+201144948975
+201144948975
+201020402040
+201144948975
+201144948975
+201111328653
+201223388021
+201098898839
+201011341115
+201027919279
+201116108616
+201011341115
+201556492904
+201001636301
+201118711193
+201112489042
+201006595910
+201223827094
+201092048028
+201127009162
+201222150316
+201225191421
+201222150316
+201097957406
+201027397535
+201030823152
+201551173106
+201220049990
+201144948975
+201100668800
+201225191421
+201005209906
+201222440052
+201118944424
+201144948975
+201205175435
+201552692463
+201025510255
+201122237905
+201095367212
+201030390909
+201000141555
+201124432470
+201005610193
+201112489042
+201026458730
+201014454543
+201026086913
+201000141555
+201005610193
+201204652007
+201205175435
+201116583623
+201020341800
+201144948975
+201117252745
+201113332215
+201222150316
+201150337094
+201270050022
+201006595910
+201112489042
+201270174388
+201014454543
+201144948975
+201122237905
+201112633020
+201024545450
+201222150316
+201044333306
+201013781963
+201112829130
+201094083027
+201229871197
+201010220001
+201204652007
+201282378623
+201000707494
+201125256055
+201001658739
+201004375809
+201020341800
+201144948975
+201225191421
+201122237905
+201030390909
+201113263456
+201007472217
+201001918093
+201093119866
+201117252745
+201122464679
+201094083027
+201001636301
+201014454543
+201010075739
+201100668800
+201007645000
+201023270670
+201144948975
+201285212149
+201094055531
+201112182260
+201127009162
+201122464679
+201092048028
+201069680105
+201500399669
+201030000377
+201125036772
+201020341800
+201006595910
+201020896595
+201020896595
+201005740889
+201123451795
+201020402040
+201019192299
+201011894044
+201210000621
+201008621169
+201144948975
+201023410318
+201144948975
+201068338397
+201020010146
+201022069269
+201285212149
+201020010146
+201011223084
+201118711193
+201008621169
+201063534183
+201205175435
+201008336220
+201118725465
+201006077431
+201114100075
+201116583623
+201112489042
+201114100075
+201212312133
+201285241455
+201069767655
+201021968175
+201096626350
+201020341800
+201123451795
+201008621169
+201222150316
+201000620069
+201004599407
+201014454543
+201145519793
+201010071746
+201020896595
+201227905022
+201021968175
+201225191421
+201067248694
+201092048028
+201144948975
+201118711193
+201229871197
+201222150316
+201067248694
+201061802469
+201005097764
+201118725465
+201000733085
+201284683638
+201141970703
+201014454543
+201008336220
+201205175435
+201229689794
+201126822041
+201143680094
+201229871197
+201153609035
+201145014892
+201007472217
+201020402040
+201004049593
+201227905022
+201229871197
+201025510255
+201229576586
+201123800317
+201112633143
+201126822041
+201111360573
+201068866442
+201013726469
+201141113004
+201025510255
+201014295929
+201023410318
+201001503072
+201032601058
+201222150316
+201123451795
+201140044332
+201001226472
+201020341800
+201014295929
+201118725465
+201100367116
+201111360573
+201011223084
+201069642520
+201002408515
+201014295929
+201020402040
+201025510255
+201223944215
+201007472217
+201014295929
+201001503072
+201094055531
+201113263456
+201285212149
+201068850070
+201092048028
+201144948975
+201000179399
+201001636301
+201001450620
+201061802469
+201144948975
+201100098899
+201007067564
+201007984678
+201092048028
+201154226426
+201019605476
+201155509402
+201094746217
+201143249227
+201286714781
+201096111686
+201004721746
+201012495622
+201227816967
+201032601058
+201118711193
+201100367116
+201013493112
+201157533600
+201153609035
+201284683638
+201144948975
+201000620069
+201003575158
+201061613130
+201013493112
+201111360573
+201126822041
+201223798815
+201157771179
+201227816967
+201011223084
+201092048028
+201069642520
+201286714781
+201055115573
+201019605476
+201023410318
+201011223084
+201223944215
+201008408404
+201029000002
+201003328765
+201011223084
+201004434666
+201223366703
+201112182260
+201005522879
+201003017368
+201100668800
+201016168526
+201023774884
+201092048028
+201227905022
+201223798815
+201117770576
+201008408404
+201011898884
+201001503072
+201011223084
+201156297916
+201019605476
+201225191421
+201143899200
+201017726350
+201033060139
+201010075739
+201225191421
+201090572547
+201221212198
+201060889916
+201205175435
+201150646946
+201011898884
+201003328765
+201207808828
+201023052714
+201205175435
+201008408404
+201008621169
+201001636301
+201281819999
+201226443510
+201500399669
+201092048028
+201003017368
+201001503072
+201118711193
+201157771179
+201004434666
+201121539971
+201110258876
+201011223084
+201032601058
+201126822041
+201023410318
+201128940107
+201010333502
+201145014892
+201005610193
+201003328765
+201149801780
+201110258876
+201006077431
+201010075739
+201090527278
+201144948975
+201000755166
+201276969858
+201001450620
+201090527278
+201050630404
+201274022660
+201005573130
+201067080326
+201013103399
+201158545004
+201067080326
+201001503072
+201003328765
+201123708117
+201100367116
+201223944215
+201112182260
+201100668800
+201145079510
+201158545004
+201112182260
+201026458730
+201004434666
+201023410318
+201003831443
+201223798815
+201150081190
+201022060315
+201001503072
+201123708117
+201145035050
+201100367116
+201001503072
+201001842292
+201126822041
+201090527278
+201222113229
+201143026804
+201027919279
+201144948975
+201157533600
+201005686004
+201000634403
+201066239934
+201001450620
+201112182260
+201117775664
+201004434666
+201060666323
+201069109293
+201095417600
+201032601058
+201095417600
+201111660399
+201122237905
+201144948975
+201011566335
+201001503072
+201112182260
+201003328765
+201118711193
+201014714206
+201144948975
+201001842292
+201090527278
+201025510255
+201207777881
+201111557896
+201110604484
+201011223084
+201006451769
+201284683638
+201001664493
+201117926337
+201022060315
+201000364403
+201025115201
+201050004554
+201014337512
+201157771179
+201223406143
+201005883782
+201282378623
+201000167706
+201145014892
+201016168526
+201020825988
+201010075739
+201093632419
+201222150316
+201112182260
+201147510333
+201110604484
+201147510333
+201118725465
+201011223084
+201114239673
+201001503072
+201105907614
+201144948975
+201500399669
+201105907614
+201105907614
+201124305835
+201040299622
+201040299622
+201500399669
+201004434666
+201100660091
+201027758229
+201032764023
+201205175435
+201004434666
+201001636301
+201003747152
+201020010146
+201205175435
+201044333306
+201003328765
+201023410318
+201001503072
+201023410318
+201111660399
+201070649466
+201025510255
+201004409069
+201111660399
+201225191421
+201111660399
+201065007520
+201124432470
+201023410318
+201003328765
+201111660399
+201025693390
+201001503072
+201022915953
+201020106747
+201118711193
+201003328765
+201117926337
+201225516696
+201004434666
+201001636301
+201225516696
+201001636301
+201111363016
+201000620069
+201557367511
+201020896595
+201225516696
+201011727799
+201000167706
+201014292888
+201027758229
+201111380042
+201144601660
+201147510333
+201000620069
+201144601660
+201122013800
+201115222442
+201090463121
+201050567266
+201004788962
+201116915344
+201555510444
+201275577789
+201023410318
+201111660399
+201030008811
+201128940107
+201155319597
+201117926337
+201001876083
+201023410318
+201025530725
+201117926337
+201112182260
+201005358278
+201128940107
+201146824983
+201001340062
+201064625553
+201113671974
+201001636301
+201278527843
+201009964847
+201006168030
+201151363450
+201112182260
+201003540979
+201090790282
+201098304800
+201005686004
+201023410318
+201023410318
+201040909341
+201003747152
+201022915953
+201000447112
+201000154481
+201147510333
+201010075739
+201000154481
+201008408404
+201005686004
+201011898884
+201095417600
+201094083027
+201144948975
+201008408404
+201005208101
+201120159081
+201278527843
+201288797706
+201115222442
+201023410318
+201001432944
+201010220001
+201007687630
+201003804171
+201069680105
+201011223084
+201023410318
+201005686004
+201008408404
+201113571478
+201025510255
+201113671974
+201122237905
+201144948975
+201000364403
+201154457923
+201112841806
+201003804171
+201020896595
+201001636301
+201094688590
+201001876083
+201279867758
+201122237905
+201000364403
+201144948975
+201112325232
+201273037135
+201007776270
+201061692126
+201112182260
+201112182260
+201116226168
+201023423857
+201121841806
+201118725465
+201068000003
+201222896796
+201013103399
+201117926337
+201112182260
+201097725956
+201112182260
+201126822041
+201222896796
+201126822041
+201000154481
+201001069262
+201060889916
+201040909341
+201118785799
+201023410318
+201112182260
+201011898884
+201277653383
+201097725956
+201112325232
+201040909341
+201141996778
+201149272297
+201005610193
+201011898884
+201022060315
+201141996778
+201211666630
+201149272297
+201112182260
+201208252997
+201119413350
+201112182260
+201159407222
+201025510255
+201023410318
+201001636301
+201100098899
+201222896796
+201100098899
+201116165947
+201069943022
+201017905378
+201095320003
+201003017368
+201116226168
+201010220001
+201102955201
+201224167555
+201021999687
+201112182260
+201143026804
+201023410318
+201116662137
+201120943416
+201229588287
+201277555898
+201023410318
+201000364403
+201116662137
+201011898884
+201026166366
+201273620700
+201004229058
+201060722870
+201004736690
+201001876083
+201144948975
+201118725465
+201144948975
+201022060315
+201200073277
+201023410318
+201273620700
+201150745887
+201099373905
+201116226168
+201029079746
+201011898884
+201111555890
+201016205843
+201030431563
+201096262860
+201093505144
+201069943022
+201001547349
+201023410318
+201032402403
+201019164882
+201141018450
+201208552376
+201001876083
+201044038555
+201068073310
+201092048028
+201030431563
+201099373905
+201222896796
+201023410318
+201005610193
+201144948975
+201067181361
+201023410318
+201095417600
+201225191421
+201223944215
+201152752736
+201278527843
+201112211569
+201099373905
+201023410318
+201111892426
+201120159081
+201123708117
+201023410318
+201121709864
+201030959911
+201126822041
+201110985595
+201019192299
+201000733085
+201064625553
+201150040499
+201141113004
+201126822041
+201208552376
+201285075666
+201222896796
+201019605476
+201140965225
+201009101000
+201044333306
+201280440550
+201122446877
+201144948975
+201010220001
+201095417600
+201111892425
+201118725465
+201094320306
+201025510255
+201144948975
+201122446877
+201156297916
+201115144214
+201111892425
+201005686004
+201558026556
+201000364403
+201022496544
+201144948975
+201141800238
+201144948975
+201220049990
+201001432944
+201116226168
+201205175435
+201095704700
+201032402403
+201144948975
+201095234668
+201113416260
+201144444334
+201000364403
+201555811162
+201159888444
+201111892425
+201012038718
+201002487629
+201115144214
+201111892425
+201099373905
+201026166366
+201005883782
+201116226168
+201116226168
+201141018450
+201020341800
+201011727799
+201222150316
+201126822041
+201288797706
+201141018450
+201111892425
+201019605476
+201144948975
+201000718885
+201144444334
+201279239000
+201068866442
+201117775664
+201007789386
+201120477222
+201064747442
+201117775664
+201229871197
+201205175435
+201020402552
+201005883782
+201116662137
+201144500795
+201141970703
+201229871197
+201023410318
+201005212662
+201023192581
+201066300301
+201094320306
+201018336621
+201025510255
+201025510255
+201010220001
+201111555890
+201004969646
+201288797706
+201023410318
+201144948975
+201116662137
+201025510255
+201150415268
+201116662137
+201005312539
+201111892425
+201090400128
+201119235941
+201113571478
+201005883782
+201090408184
+201272260155
+201101502314
+201105385373
+201155009008
+201080971144
+201061661046
+201061445772
+201010306049
+201094320306
+201098297555
+201116226168
+201111892425
+201020896595
+201061445772
+201017905378
+201069995057
+201030431563
+201063966922
+201220049990
+201032402403
+201111892425
+201007956644
+201113291848
+201027919279
+201113543269
+201129267088
+201030431563
+201066192397
+201122237905
+201023410318
+201228384446
+201111892425
+201144948975
+201015615329
+201100236377
+201068866442
+201144948975
+201118779494
+201010220001
+201022069269
+201007956644
+201023410318
+201005610193
+201117775664
+201005560549
+201000090525
+201144948975
+201001086377
+201060372759
+201143006073
+201021531333
+201012767645
+201021910679
+201002849065
+201111892425
+201023410318
+201002554387
+201025510255
+201033060139
+201097257227
+201144948975
+201144948975
+201144948975
+201001636301
+201090956233
+201030431563
+201115070342
+201009304337
+201013281759
+201131680507
+201001192724
+201009503310
+201032601058
+201003747152
+201013281759
+201005461980
+201117734596
+201069319365
+201021999687
+201211151030
+201223813188
+201143006073
+201111892425
+201092714041
+201147076459
+201007249573
+201103686868
+201142240464
+201157999899
+201010220001
+201280440550
+201064625553
+201013281759
+201021531333
+201020010146
+201100098899
+201157999899
+201111660399
+201126822041
+201093230604
+201111892425
+201118779494
+201147076459
+201008183980
+201044333306
+201011898884
+201095704700
+201005883782
+201000090525
+201001636301
+201060363161
+201011898884
+201009207654
+201090700061
+201092714041
+201018544679
+201116108616
+201006267523
+201100668800
+201017779977
+201044333306
+201069995057
+201098297555
+201144948975
+201017831214
+201555510444
+201019533088
+201013281759
+201021910679
+201130386939
+201142896085
+201090700061
+201004434666
+201094320306
+201111892425
+201091944906
+201555510444
+201118725465
+201098297555
+201017831214
+201224262917
+201061327580
+201144948975
+201069963887
+201063836540
+201002554387
+201066609435
+201066609435
+201007266642
+201023195281
+201001223043
+201003747152
+201118779494
+201068633533
+201111660399
+201000060994
+201014863063
+201111660399
+201090700061
+201032601058
+201118779494
+201090700061
+201001636301
+201126822041
+201111892425
+201090700061
+201144948975
+201100098899
+201091030207
+201021999687
+201102955201
+201157999899
+201093230604
+201555767525
+201105907614
+201112325232
+201010222228
+201144444334
+201003792827
+201094177996
+201013726469
+201068073310
+201021999687
+201013726469
+201143006073
+201015752109
+201143006073
+201013103399
+201118779494
+201144444334
+201144948975
+201229235978
+201111660399
+201278942121
+201158924166
+201277950431
+201229235978
+201142896085
+201117775664
+201117775664
+201111892425
+201063366946
+201229235978
+201008212099
+201023410318
+201090700061
+201011727799
+201144948975
+201100098899
+201207808828
+201023410318
+201113291848
+201111660399
+201117775664
+201118779494
+201097629384
+201002875906
+201159290204
+201001636301
+201092714041
+201280440550
+201030431563
+201205452119
+201067121269
+201013766270
+201229235978
+201123708117
+201092714041
+201011727799
+201000060994
+201091030207
+201113455123
+201111892425
+201010220001
+201224262917
+201001842292
+201144948975
+201013644370
+201063621006
+201008212099
+201156297916
+201144948975
+201111892425
+201229235978
+201157999899
+201118779494
+201090700061
+201128933140
+201144948975
+201142518688
+201120477222
+201229235978
+201000167706
+201142518688
+201000090525
+201060444114
+201117926337
+201000167706
+201284681815
+201000364403
+201008212099
+201111660399
+201126822041
+201063055866
+201025398193
+201005260421
+201122237905
+201144948975
+201023205689
+201142896085
+201156297916
+201156297916
+201112622111
+201011727799
+201113671974
+201008304345
+201013783189
+201111660399
+201011154964
+201032402403
+201002916058
+201000364403
+201143899200
+201123708117
+201098866507
+201063055866
+201021910679
+201008304345
+201111660399
+201147090708
+201008304345
+201096965553
+201111196596
+201005064036
+201027331635
+201144500795
+201068645602
+201144948975
+201201697826
+201011223084
+201013726469
+201229371222
+201013783189
+201011898884
+201021910679
+201066884706
+201113671974
+201001842292
+201008286776
+201144948975
+201143006073
+201002792172
+201096809141
+201117926337
+201144948975
+201019164882
+201000447112
+201012167777
+201068633533
+201042431674
+201096809141
+201225191421
+201000853106
+201009304337
+201021910679
+201011727799
+201117926337
+201023410318
+201008212099
+201063055866
+201144948975
+201116662137
+201011898884
+201091030207
+201126880362
+201015752109
+201001702244
+201060444114
+201011411177
+201123708117
+201061740565
+201100098899
+201002916058
+201023410318
+201011727799
+201030431563
+201034936925
+201229871197
+201111070829
+201090700061
+201509956740
+201011727799
+201507611898
+201143680094
+201006100372
+201014863063
+201225048833
+201001842292
+201111555890
+201123708117
+201117926337
+201092100420
+201119890363
+201064917639
+201143006073
+201097257227
+201002916058
