01067956672
01144948975
01143680094
01090320719
01015303596
01023774884
01110777846
01500399669
01098008220
01006168030
01060827518
01040321821
01005893719
01124555693
01001746079
01095313368
01008621169
01020405086
01222635442
01113263456
01099181222
01220291984
01274556221
01003575158
01070816002
01013741544
01014454543
01010220001
01009600069
01124305835
01032400055
01066806555
01212900070
01146585036
01281819999
01025510255
01148361086
01128933140
01069436100
01000447112
01005093330
01004326862
01065833359
01113777740
01142296333
01552551695
01080456073
01207055989
01098347871
01008212099
01285574147
01100222684
01557157775
01020010146
01288797706
01061065577
01017443746
01020696408
01050378711
01009285999
01001616715
01009985270
01026031299
01022060315
01065822368
01145251515
01066949144
01152709246
01225516696
01001130002
01114382500
01000331288
01000892869
01001562815
01101409207
01123991876
01097929009
01152752736
01019164882
01007788966
01018875264
01069364093
01029900145
01007517264
01150046413
01003804171
01003017368
01223798815
01016982151
01003657716
01147085577
01551599992
01143249227
01142896085
01012887387
01007249573
01119018224
01273450510
01550839214
01080971133
01022603893
01095570436
01001554499
01014494826
01022069269
01015402005
01030233222
01112289081
01148511011
01157682945
01062391203
01094231603
01095234668
01001912572
01009684618
01070649466
01116673555
01005111824
01159520324
01015253137
01006595910
01200083416
01156980188
01274324347
01156677556
01012006400
01211796398
01022733526
01070869512
01140069236
01032601058
01012913922
01221793981
01126448641
01142079469
01554856330
01004500469
01005365552
01004167742
01222747951
01126822041
01551102385
01158545004
01003085365
01284061412
01107339026
01007627009
01090327409
01099443005
01007200177
01061685000
01000696078
01019093921
01064467588
01009476151
01015511210
01223813188
01119151648
01060908445
01033417888
01003698334
01113291848
01012495622
01123051482
01026309525
01001222152
01000012280
01069642520
01006860384
01223304054
01143539712
01069937776
01222333339
01553746786
01003339996
01001285154
01000733085
01000817434
01025405296
01067295076
01129285781
01026504460
01003441731
01111669663
01023410318
01002775938
01004325846
01025880955
01286694107
01273749910
01012783009
01009193773
01119519348
01223355432
01001918093
01007171847
01024238515
01116583623
01015017015
01014377331
01277262239
01003509869
01005327606
01095320003
01013300001
01063831529
01147970703
01064887887
01060097603
01004817170
01069768609
01141970703
01000420236
01150040499
01070696529
01158410390
01285093338
01011727799
01010437809
01113925024
01000060994
01016761414
01003353536
01098899599
01100415814
01005451909
01118129465
01113209864
01009740906
01110424940
01021027265
01200034617
01068866442
01002380694
01285673638
01002082146
01027572900
01005686004
01011599535
01002111555
01032011555
01002966558
01145811678
01099373905
01066754852
01020526009
01204355271
01055520345
01014877143
01007776270
01020103383
01006262571
01064000591
01064848171
01120666114
01033574080
01119078120
01006448625
01066884706
01026551417
01277113351
01008408404
01113963693
01120702319
01070167020
01000333720
01142093338
01158240356
01153053372
01065888820
01141884899
01220049990
01017491101
01060477446
01101132275
01274201505
01211113459
01147650455
01202337104
01220618832
01110875359
01205864681
01551196153
01119891120
01000349264
01094439890
01007984678
01011256845
01003258884
01115670090
01289000998
01013448037
01140533531
01143238270
01000600531
01101258785
01091864158
01009643808
01222931999
01223266645
01113894669
01143265333
01111892425
01118725465
01069939994
01117000905
01006941479
01149507957
01001658739
01010660251
01011039130
01064596429
01152789291
01021192153
01068221952
01225883607
01101448949
01551272959
01064625553
01151030036
01033707008
01223738282
01151983638
01222938999
01025818375
01009459249
01060477426
01157782118
01111360573
01020622162
01099394745
01013358080
01272287889
01067121269
01156297916
01111183378
01066282251
01270066602
01008144044
01094641325
01066069480
01270050022
01030582817
01220583013
01095798291
01001225190
01006749781
01011028883
01009677969
01121999954
01025983434
01009514382
01221030111
01004434666
01002241818
01007196420
01117137074
01127237566
01025093035
01002200010
01289751438
01015853637
01128468016
01117155573
01116206363
01221744164
01117278275
01152001292
01090919942
01062219506
01117523501
01017314598
01115100281
01125804528
01024657390
01210556862
01145327152
01152603143
01004736690
01020707724
01111970652
01018085557
01010028789
01211393592
01157580960
01120449776
01000920670
01118957881
01021222212
01208417525
01019408026
01014714602
01003465191
01129082013
01113222813
01125900930
01006918139
01123800317
01113045655
01144445007
01006339726
01002988666
01140301177
01280655905
01129431117
01126746103
01010306049
01001600511
01061665603
01015833730
01227389294
01286744724
01097944423
01001421288
01100029100
01224426183
01017332422
01277744448
01119773855
01017870059
01067385305
01112325232
01000299207
01003279463
01007706613
01005160118
01000753102
01060978966
01018264274
01003888114
01126600010
01129016330
01028063139
01062413640
01024350788
01006037946
01068947229
01119001880
01069753703
01020404567
01124030470
01092880194
01126211111
01154208950
01001687964
01025205155
01277639300
01116160949
01005007117
01017982223
01008100745
01226893687
01120858100
01016493810
01003784967
01278527843
01159429147
01288111144
01113306097
01557058882
01153322334
01283273301
01026676814
01210468552
01028040699
01228833057
01557367511
01119266997
01006906204
01006060852
01095882829
01229483613
01026656338
01112330767
01014411000
01094457373
01119060343
01092924944
01149500035
01031276564
01152285406
01224021444
01127805546
01022537255
01005078947
01286788848
01063777761
01156263691
01091075706
01119435027
01207688000
01555405782
01271861797
01001226472
01009355553
01029994453
01002770797
01069640645
01095754833
01117630627
01146749533
01030408329
01099331231
01156263961
01000380309
01112269699
01227023966
01098646431
01227200618
01150061553
01289640006
01556003656
01221430919
01115003020
01098234241
01225191421
01015522257
01024420316
01116690424
01286472809
01124104568
01019605476
01280317357
01116660135
01111823076
01279112666
01099882421
01127854453
01063604247
01007161625
01032000160
01004592359
01022385487
01126220614
01099926887
01050964803
01017850746
01227102445
01112182260
01201097272
01210101993
01099179365
01019335176
01091920750
01207294964
01121414427
01006211106
01065532277
01023355731
01094943033
01113651118
01157007879
01030984047
01003761400
01023501881
01159337883
01224562366
01118095036
01221366321
01118316127
01006138886
01010876264
01119803904
01129447232
01143883415
01146335129
01024085087
01024166777
01212341770
01212942484
01117246545
01008458664
01101268083
01032135256
01000444993
01111141511
01222878930
01006086569
01000848100
01119701300
01013115305
01222791405
01116360009
01090303601
01067181361
01284808491
01124219373
01018952844
01023848253
01033240338
01220600015
01120725355
01141018450
01280303090
01279097327
01503504181
01018283139
01141793873
01101211299
01155597000
01145145460
01220214975
01118702326
01010277499
01110960207
01154532933
01227460832
01099046838
01016472259
01155041047
01129848697
01143969153
01019174897
01033121403
01505909107
01069753709
01144647113
01204089539
01003337969
01007071246
01005679777
01223246200
01229643040
01503008416
01096475060
01095058582
01149240175
01144334322
01554208999
01013152730
01069200234
01010480036
01153764436
01203535980
01553200793
01029230611
01013430465
01007224139
01006140016
01099443305
01065955313
01055704379
01011257380
01119904799
01027327812
01122699991
01020341800
01032539940
01022875966
01116140444
01122288561
01000141555
