01067956672
01144948975
01143680094
01090320719
01015303596
01023774884
01110777846
01500399669
01098008220
01006168030
01060827518
01040321821
01144948975
01005893719
01143680094
01124555693
01001746079
01023774884
01095313368
01005893719
01008621169
01023774884
01020405086
01222635442
01113263456
01015303596
01099181222
01008621169
01023774884
01220291984
01274556221
01003575158
01070816002
01013741544
01014454543
01010220001
01009600069
01124305835
01032400055
01066806555
01212900070
01146585036
01023774884
01008621169
01281819999
01025510255
01148361086
01128933140
01144948975
01069436100
01006168030
01023774884
01020405086
01113263456
01000447112
01005093330
01004326862
01065833359
01113777740
01010220001
01143680094
01142296333
01005893719
01552551695
01080456073
01020405086
01207055989
01098347871
01008212099
01010220001
01285574147
01100222684
01557157775
01113263456
01281819999
01212900070
01020010146
01288797706
01061065577
01017443746
01020696408
01050378711
01009285999
01001616715
01009985270
01026031299
01100222684
01022060315
01100222684
01023774884
01212900070
01065822368
01014454543
01145251515
01113263456
01001616715
01100222684
01066949144
01152709246
01143680094
01225516696
01001130002
01015303596
01114382500
01023774884
01144948975
01050378711
01000331288
01100222684
01080456073
01000892869
01017443746
01143680094
01001562815
01025510255
01090320719
01101409207
01143680094
01026031299
01225516696
01123991876
01100222684
01097929009
01001562815
01152752736
01019164882
01007788966
01018875264
01069364093
01029900145
01007517264
01143680094
01009285999
01005893719
01014454543
01143680094
01150046413
01003804171
01001616715
01003017368
01223798815
01281819999
01123991876
01143680094
01007788966
01016982151
01003657716
01147085577
01069364093
01551599992
01143249227
01009285999
01142896085
01000331288
01012887387
01050378711
01007249573
01119018224
01007788966
01273450510
01550839214
01146585036
01069364093
01080971133
01222635442
01212900070
01022603893
01095570436
01025510255
01080971133
01142896085
01001554499
01000331288
01080971133
01143680094
01152709246
01014494826
01100222684
01143680094
01022069269
01015402005
01030233222
01142896085
01012887387
01015402005
01020405086
01112289081
01148511011
01152752736
01157682945
01062391203
01094231603
01095234668
01223798815
01008212099
01001912572
01094231603
01020405086
01009684618
01022603893
01070649466
01050378711
01014454543
01015402005
01116673555
01094231603
01143680094
01015402005
01030233222
01005111824
01050378711
01159520324
01094231603
01144948975
01090320719
01015253137
01100222684
01006595910
01200083416
01094231603
01156980188
01274324347
01090320719
01156677556
01012006400
01080971133
01005111824
01211796398
01159520324
01144948975
01152752736
01022733526
01003017368
01070869512
01140069236
01032601058
01001912572
01080971133
01012913922
01221793981
01126448641
01145251515
01146585036
01142079469
01554856330
01004500469
01142079469
01080971133
01025510255
01005365552
01095570436
01100222684
01004167742
01222747951
01126822041
01551102385
01158545004
01000331288
01003085365
01284061412
01107339026
01007627009
01009600069
01014494826
01003017368
01022603893
01090327409
01095234668
01126822041
01107339026
01099443005
01007200177
01061685000
01152709246
01009600069
01000696078
01019093921
01007627009
01095570436
01090327409
01064467588
01009476151
01015511210
01223813188
01119151648
01012913922
01100222684
01022603893
01060908445
01124305835
01007627009
01014454543
01014454543
01033417888
01003698334
01113291848
01009684618
01012495622
01144948975
01123051482
01066806555
01080971133
01014454543
01014454543
01015511210
01124305835
01026309525
01143680094
01001130002
01080456073
01000696078
01001222152
01080971133
01288797706
01015303596
01018875264
01007627009
01113263456
01025510255
01146585036
01007627009
01000012280
01550839214
01144948975
01009684618
01069642520
01006860384
01014454543
01223304054
01143539712
01069937776
01222333339
01000447112
01553746786
01003339996
01025510255
01022603893
01212900070
01001285154
01069642520
01223304054
01080456073
01006860384
01005365552
01022603893
01000733085
01025510255
01212900070
01000733085
01000817434
01025405296
01007627009
01144948975
01144948975
01069364093
01007627009
01212900070
01067295076
01129285781
01026504460
01003441731
01111669663
01013741544
01013741544
01080971133
01080971133
01023410318
01014454543
01002775938
01004325846
01022603893
01152709246
01070816002
01144948975
01025880955
01286694107
01142896085
01013741544
01070816002
01014494826
01025405296
01273749910
01012783009
01019164882
01009193773
01013741544
01119519348
01025880955
01022603893
01223813188
01223355432
01001918093
01212900070
01015402005
01007171847
01019164882
01024238515
01116583623
01070816002
01098008220
01015017015
01003575158
01014377331
01277262239
01064467588
01003509869
01005327606
01095320003
01000447112
01014454543
01152709246
01013300001
01212900070
01063831529
01147970703
01144948975
01064887887
01060097603
01005893719
01128933140
01015511210
01004817170
01069768609
01022060315
01141970703
01095234668
01063831529
01009285999
01014454543
01000420236
01150040499
01070696529
01158410390
01285093338
01001285154
01011727799
01010437809
01113925024
01000060994
01016761414
01023410318
01003353536
01144948975
01212900070
01098899599
01212900070
01000060994
01100222684
01100415814
01221793981
01005451909
01095320003
01118129465
01144948975
01003575158
01011727799
01113209864
01288797706
01014454543
01014454543
01025510255
01009740906
01110424940
01023410318
01021027265
01200034617
01068866442
01002380694
01285673638
01212900070
01002082146
01150040499
01098899599
01023410318
01027572900
01005686004
01011599535
01002111555
01144948975
01000447112
01032011555
01025510255
01222635442
01002966558
01143680094
01143680094
01145811678
01099373905
01066754852
01285673638
01015017015
01011727799
01020526009
01204355271
01055520345
01014877143
01007776270
01020103383
01006262571
01064000591
01064848171
01120666114
01033574080
01119078120
01142896085
01006448625
01066884706
01026551417
01277113351
01119078120
01008408404
01113963693
01120702319
01277113351
01070167020
01120666114
01277113351
01000333720
01142093338
01158240356
01153053372
01065888820
01142896085
01141884899
01220049990
01017491101
01284061412
01060477446
01101132275
01274201505
01153053372
01005093330
01211113459
01147650455
01202337104
01220618832
01110875359
01205864681
01551196153
01119891120
01000349264
01094439890
01124305835
01007984678
01101132275
01101132275
01011256845
01003258884
01115670090
01289000998
01142896085
01013448037
01158240356
01013741544
01140533531
01144948975
01110875359
01011256845
01143238270
01211113459
01284061412
01110875359
01000600531
01220049990
01220049990
01110875359
01289000998
01101258785
01091864158
01009643808
01000600531
01222931999
01223266645
01204355271
01113894669
01016982151
01143265333
01013741544
01111892425
01118725465
01069939994
01551196153
01117000905
01289000998
01006941479
01550839214
01000600531
01016982151
01149507957
01204355271
01001658739
01010660251
01011039130
01064596429
01152789291
01021192153
01068221952
01010660251
01225883607
01289000998
01101448949
01158240356
01068221952
01551272959
01143680094
01064625553
01006941479
01001658739
01151030036
01033707008
01223738282
01158240356
01001658739
01142896085
01007984678
01151983638
01068221952
01222938999
01064000591
01025818375
01009459249
01060477426
01157782118
01111360573
01212900070
01020622162
01099394745
01013358080
01011039130
01272287889
01060477446
01067121269
01033707008
01156297916
01013448037
01289000998
01000733085
01220049990
01111183378
01066282251
01120702319
01270066602
01008144044
01094641325
01066069480
01111892425
01016982151
01008144044
01551196153
01005093330
01008144044
01270050022
01550839214
01008144044
01112289081
01030582817
01014454543
01010660251
01212900070
01220583013
01095798291
01001225190
01006749781
01011028883
01009677969
01284061412
01066069480
01142896085
01142896085
01110875359
01000733085
01121999954
01015511210
01110875359
01025983434
01121999954
01009514382
01221030111
01064000591
01004434666
01002241818
01121999954
01007196420
01117000905
01117137074
01015511210
01117000905
01117137074
01064000591
01008144044
01013448037
01551272959
01064625553
01066069480
01127237566
01117000905
01063831529
01025093035
01005093330
01002200010
01007984678
01013741544
01289751438
01010660251
01009514382
01158240356
01120666114
01112289081
01015853637
01128468016
01117155573
01116206363
01221744164
01117278275
01152001292
01118725465
01090919942
01010660251
01001658739
01062219506
01117000905
01272287889
01117523501
01017314598
01115100281
01125804528
01024657390
01210556862
01115100281
01145327152
01152603143
01011028883
01004736690
01127237566
01152603143
01064625553
01016982151
01020707724
01111970652
01018085557
01010028789
01211393592
01117155573
01157580960
01064596429
01143680094
01120449776
01007196420
01016982151
01124305835
01220049990
01000920670
01117000905
01118957881
01117000905
01000920670
01021222212
01208417525
01118957881
01016982151
01270050022
01110875359
01289751438
01069937776
01019408026
01117000905
01111892425
01014714602
01003465191
01014714602
01064000591
01010660251
01129082013
01020707724
01113222813
01125900930
01095234668
01006918139
01117137074
01123800317
01113045655
01144445007
01270050022
01015511210
01006339726
01002988666
01064625553
01123800317
01140301177
01016982151
01015511210
01280655905
01222931999
01129431117
01126746103
01016982151
01124305835
01070167020
01010306049
01001600511
01211393592
01061665603
01015833730
01030582817
01222931999
01227389294
01286744724
01118725465
01030582817
01097944423
01064625553
01001421288
01100029100
01000331288
01015511210
01224426183
01017332422
01277744448
01119773855
01017870059
01220049990
01067385305
01100029100
01112325232
01066069480
01016982151
01000299207
01003279463
01007706613
01002988666
01005160118
01017332422
01000753102
01095320003
01118957881
01063831529
01156297916
01060978966
01143680094
01018264274
01003888114
01126600010
01129016330
01028063139
01062413640
01024350788
01006037946
01097944423
01118957881
01067385305
01068947229
01119001880
01069753703
01020404567
01003888114
01124030470
01092880194
01004434666
01064625553
01030582817
01126211111
01154208950
01001421288
01143680094
01001687964
01025205155
01025205155
01003888114
01277639300
01020404567
01016982151
01116160949
01143680094
01118725465
01005007117
01003657716
01017982223
01008100745
01226893687
01030582817
01120858100
01097944423
01120858100
01113263456
01289751438
01220049990
01016493810
01024350788
01003784967
01278527843
01159429147
01288111144
01113306097
01278527843
01063831529
01557058882
01278527843
01118957881
01153322334
01004434666
01283273301
01026676814
01064848171
01004434666
01015017015
01112289081
01225516696
01001562815
01022060315
01278527843
01210468552
01028040699
01228833057
01557367511
01113263456
01017982223
01119266997
01120449776
01124305835
01006906204
01064848171
01015511210
01017982223
01006060852
01063831529
01113263456
01118957881
01017982223
01095882829
01229483613
01144948975
01069768609
01026656338
01118725465
01112330767
01014411000
01094457373
01095234668
01120666114
01119060343
01092924944
01000331288
01149500035
01099181222
01004500469
01014411000
01031276564
01113263456
01092924944
01000447112
01152285406
01118957881
01224021444
01099443005
01114382500
01127805546
01003657716
01285574147
01120858100
01118957881
01118957881
01022537255
01005078947
01286788848
01015511210
01062391203
01063777761
01156263691
01091075706
01012783009
01015511210
01285574147
01119435027
01286788848
01286788848
01099181222
01286788848
01159429147
01207688000
01555405782
01271861797
01001746079
01001226472
01272287889
01095234668
01119435027
01031276564
01009355553
01029994453
01002770797
01120666114
01003784967
01069640645
01017982223
01224021444
01064625553
01095754833
01118725465
01003784967
01095234668
01144948975
01117630627
01146749533
01030408329
01069640645
01099331231
01014411000
01014411000
01143680094
01124305835
01005007117
01113263456
01156263961
01000380309
01069937776
01112269699
01156263961
01227023966
01113263456
01002770797
01143680094
01098646431
01143680094
01227200618
01014411000
01555405782
01012783009
01150061553
01289640006
01099443005
01556003656
01221430919
01112330767
01012783009
01113263456
01031276564
01115003020
01099443005
01064625553
01098234241
01225191421
01015522257
01024420316
01024420316
01220291984
01116690424
01064625553
01143680094
01031276564
01224021444
01113263456
01286472809
01555405782
01112325232
01124104568
01000331288
01019605476
01090327409
01128933140
01280317357
01116660135
01005007117
01111823076
01279112666
01557367511
01220291984
01099882421
01031276564
01013741544
01127854453
01063604247
01007161625
01032000160
01004592359
01278527843
01026031299
01022385487
01001226472
01126220614
01285574147
01019605476
01099926887
01119435027
01119435027
01019605476
01003784967
01001746079
01278527843
01013741544
01555405782
01003258884
01050964803
01032000160
01278527843
01017850746
01227102445
01099443005
01112182260
01020405086
01020405086
01126220614
01119435027
01201097272
01210101993
01099179365
01020405086
01019335176
01091920750
01101132275
01032000160
01207294964
01220291984
01092924944
01064625553
01020405086
01285574147
01005007117
01015511210
01550839214
01121414427
01006211106
01099181222
01065532277
01015303596
01557367511
01064625553
01007627009
01023355731
01094943033
01118725465
01221030111
01095234668
01113651118
01095234668
01143539712
01278527843
01157007879
01557367511
01030984047
01020405086
01003761400
01208417525
01015303596
01278527843
01023501881
01159337883
01224562366
01119435027
01070869512
01118095036
01221366321
01118316127
01014494826
01143680094
01006138886
01010876264
01126220614
01119803904
01129447232
01143883415
01146335129
01227102445
01070869512
01006906204
01023501881
01024085087
01000447112
01212900070
01095234668
01024166777
01024085087
01157007879
01119803904
01000447112
01099443005
01001562815
01212341770
01119435027
01014494826
01070869512
01212942484
01117246545
01220291984
01114382500
01000331288
01124305835
01008458664
01099443005
01212900070
01143680094
01004736690
01101268083
01032135256
01050964803
01095234668
01000444993
01111141511
01014494826
01222878930
01003258884
01023501881
01212900070
01557367511
01557367511
01095320003
01029994453
01006086569
01099443005
01095320003
01212900070
01144948975
01147085577
01000848100
01032000160
01212900070
01281819999
01147085577
01119701300
01013115305
01144948975
01222791405
01000331288
01225516696
01116360009
01007984678
01015511210
01212900070
01032000160
01030984047
01090303601
01013115305
01099443005
01067181361
01284808491
01143680094
01124219373
01012495622
01221430919
01157007879
01018952844
01099443005
01116360009
01022060315
01010660251
01022733526
01023848253
01033240338
01144948975
01220600015
01111141511
01120725355
01095320003
01141018450
01000733085
01007627009
01007984678
01000060994
01124305835
01008408404
01111141511
01007627009
01113263456
01280303090
01212900070
01123800317
01279097327
01503504181
01007984678
01023501881
01018283139
01141793873
01101211299
01124305835
01155597000
01025510255
01145145460
01099443005
01220214975
01221366321
01118702326
01064625553
01025510255
01010277499
01001285154
01224426183
01110960207
01154532933
01285574147
01227460832
01144948975
01143680094
01000331288
01156297916
01001130002
01279097327
01220214975
01099046838
01220049990
01016472259
01070816002
01155041047
01098008220
01067181361
01015303596
01013741544
01113263456
01129848697
01278527843
01147085577
01070816002
01147085577
01143969153
01007627009
01019174897
01015511210
01222878930
01159520324
01001687964
01033121403
01014494826
01001130002
01015303596
01143680094
01143680094
01155041047
01505909107
01220291984
01000060994
01220049990
01111141511
01098008220
01069753709
01274556221
01144647113
01281819999
01069436100
01095313368
01018283139
01000733085
01204089539
01212900070
01212900070
01000060994
01119701300
01500399669
01061665603
01000696078
01003337969
01001285154
01007071246
01023774884
01005679777
01116360009
01223246200
01098008220
01147085577
01069436100
01095234668
01225191421
01159520324
01014494826
01229643040
01120858100
01006860384
01279097327
01503008416
01212900070
01096475060
01119773855
01113263456
01145145460
01146585036
01159520324
01220214975
01500399669
01095058582
01149240175
01141018450
01015511210
01099443005
01015402005
01113263456
01006860384
01019605476
01100222684
01141018450
01124555693
01064625553
01225191421
01098008220
01221430919
01012783009
01100222684
01159520324
01144334322
01015402005
01011028883
01013741544
01554208999
01013152730
01015511210
01069436100
01113263456
01014494826
01015303596
01010220001
01225191421
01000060994
01069436100
01005679777
01067181361
01100222684
01015303596
01095313368
01554208999
01159520324
01069200234
01010480036
01032000160
01009600069
01153764436
01009600069
01120449776
01203535980
01015402005
01222878930
01002770797
01003258884
01023774884
01004326862
01004500469
01113263456
01100222684
01023774884
01023774884
01143680094
01553200793
01015402005
01032000160
01284808491
01029230611
01220291984
01111141511
01005893719
01220214975
01015303596
01070816002
01013430465
01094439890
01113263456
01143680094
01152001292
01212900070
01007224139
01212900070
01110777846
01006168030
01143680094
01099181222
01006140016
01015402005
01099443305
01099181222
01065955313
01094231603
01150061553
01090320719
01055704379
01099181222
01023774884
01277113351
01116206363
01032000160
01010660251
01011257380
01124305835
01119904799
01027327812
01122699991
01020341800
01156297916
01225191421
01111141511
01143265333
01011028883
01032539940
01015303596
01022875966
01116140444
01122288561
01000141555
01212900070