+201122288561
+201116140444
+201022875966
+201032539940
+201027327812
+201119904799
+201011257380
+201055704379
+201065955313
+201099443305
+201006140016
+201007224139
+201013430465
+201029230611
+201553200793
+201203535980
+201153764436
+201010480036
+201069200234
+201013152730
+201554208999
+201144334322
+201149240175
+201095058582
+201096475060
+201503008416
+201229643040
+201223246200
+201005679777
+201003337969
+201204089539
+201144647113
+201069753709
+201505909107
+201033121403
+201019174897
+201143969153
+201129848697
+201016472259
+201099046838
+201227460832
+201154532933
+201110960207
+201010277499
+201220214975
+201145145460
+201101211299
+201141793873
+201018283139
+201503504181
+201279097327
+201280303090
+201120725355
+201220600015
+201033240338
+201023848253
+201018952844
+201124219373
+201284808491
+201090303601
+201116360009
+201222791405
+201013115305
+201119701300
+201000848100
+201006086569
+201000444993
+201032135256
+201101268083
+201008458664
+201117246545
+201212942484
+201212341770
+201024166777
+201024085087
+201146335129
+201143883415
+201129447232
+201119803904
+201010876264
+201006138886
+201118316127
+201221366321
+201118095036
+201224562366
+201159337883
+201023501881
+201003761400
+201030984047
+201157007879
+201094943033
+201023355731
+201006211106
+201121414427
+201207294964
+201091920750
+201019335176
+201099179365
+201210101993
+201201097272
+201227102445
+201017850746
+201050964803
+201099926887
+201022385487
+201004592359
+201032000160
+201007161625
+201063604247
+201127854453
+201099882421
+201279112666
+201111823076
+201116660135
+201280317357
+201124104568
+201286472809
+201116690424
+201024420316
+201015522257
+201098234241
+201115003020
+201221430919
+201556003656
+201289640006
+201150061553
+201227200618
+201098646431
+201227023966
+201112269699
+201000380309
+201156263961
+201030408329
+201146749533
+201117630627
+201095754833
+201069640645
+201002770797
+201029994453
+201009355553
+201271861797
+201207688000
+201119435027
+201091075706
+201156263691
+201063777761
+201286788848
+201005078947
+201022537255
+201127805546
+201224021444
+201152285406
+201031276564
+201149500035
+201092924944
+201119060343
+201094457373
+201014411000
+201112330767
+201026656338
+201229483613
+201095882829
+201006060852
+201006906204
+201119266997
+201228833057
+201028040699
+201210468552
+201026676814
+201283273301
+201153322334
+201557058882
+201113306097
+201288111144
+201159429147
+201016493810
+201120858100
+201226893687
+201008100745
+201017982223
+201005007117
+201116160949
+201277639300
+201025205155
+201001687964
+201154208950
+201126211111
+201092880194
+201124030470
+201020404567
+201069753703
+201119001880
+201068947229
+201006037946
+201024350788
+201062413640
+201028063139
+201129016330
+201126600010
+201003888114
+201018264274
+201060978966
+201000753102
+201005160118
+201007706613
+201003279463
+201000299207
+201067385305
+201017870059
+201119773855
+201277744448
+201017332422
+201224426183
+201100029100
+201001421288
+201097944423
+201286744724
+201227389294
+201015833730
+201001600511
+201126746103
+201129431117
+201280655905
+201140301177
+201002988666
+201006339726
+201144445007
+201113045655
+201006918139
+201125900930
+201113222813
+201129082013
+201003465191
+201014714602
+201019408026
+201208417525
+201021222212
+201118957881
+201157580960
+201211393592
+201010028789
+201018085557
+201111970652
+201020707724
+201152603143
+201145327152
+201210556862
+201024657390
+201125804528
+201115100281
+201017314598
+201117523501
+201062219506
+201090919942
+201117278275
+201221744164
+201116206363
+201128468016
+201015853637
+201289751438
+201025093035
+201127237566
+201117137074
+201007196420
+201002241818
+201221030111
+201009514382
+201025983434
+201121999954
+201009677969
+201011028883
+201006749781
+201001225190
+201095798291
+201220583013
+201030582817
+201066069480
+201094641325
+201008144044
+201270066602
+201066282251
+201111183378
+201272287889
+201013358080
+201099394745
+201020622162
+201157782118
+201060477426
+201009459249
+201025818375
+201222938999
+201151983638
+201223738282
+201033707008
+201151030036
+201551272959
+201101448949
+201225883607
+201068221952
+201021192153
+201152789291
+201064596429
+201011039130
+201010660251
+201149507957
+201006941479
+201117000905
+201069939994
+201143265333
+201113894669
+201223266645
+201222931999
+201009643808
+201091864158
+201101258785
+201143238270
+201140533531
+201013448037
+201289000998
+201115670090
+201003258884
+201011256845
+201094439890
+201000349264
+201119891120
+201551196153
+201205864681
+201110875359
+201220618832
+201202337104
+201147650455
+201211113459
+201274201505
+201101132275
+201060477446
+201017491101
+201141884899
+201065888820
+201153053372
+201158240356
+201142093338
+201000333720
+201070167020
+201120702319
+201113963693
+201277113351
+201026551417
+201006448625
+201119078120
+201033574080
+201064848171
+201064000591
+201006262571
+201020103383
+201014877143
+201055520345
+201204355271
+201066754852
+201002966558
+201032011555
+201002111555
+201011599535
+201027572900
+201002082146
+201285673638
+201002380694
+201200034617
+201110424940
+201009740906
+201113209864
+201118129465
+201100415814
+201003353536
+201113925024
+201010437809
+201285093338
+201158410390
+201070696529
+201000420236
+201004817170
+201064887887
+201147970703
+201013300001
+201005327606
+201003509869
+201014377331
+201007171847
+201223355432
+201119519348
+201009193773
+201012783009
+201273749910
+201286694107
+201025880955
+201004325846
+201002775938
+201026504460
+201129285781
+201067295076
+201025405296
+201000817434
+201001285154
+201003339996
+201553746786
+201222333339
+201143539712
+201006860384
+201000012280
+201001222152
+201026309525
+201123051482
+201003698334
+201033417888
+201060908445
+201119151648
+201009476151
+201064467588
+201061685000
+201007200177
+201007627009
+201107339026
+201284061412
+201003085365
+201551102385
+201222747951
+201004500469
+201142079469
+201126448641
+201221793981
+201012913922
+201140069236
+201070869512
+201022733526
+201211796398
+201012006400
+201156677556
+201274324347
+201156980188
+201200083416
+201159520324
+201116673555
+201009684618
+201094231603
+201062391203
+201157682945
+201148511011
+201112289081
+201030233222
+201015402005
+201014494826
+201001554499
+201095570436
+201273450510
+201119018224
+201012887387
+201551599992
+201003657716
+201016982151
+201150046413
+201007517264
+201029900145
+201018875264
+201007788966
+201097929009
+201123991876
+201101409207
+201001562815
+201000892869
+201000331288
+201001130002
+201152709246
+201066949144
+201065822368
+201026031299
+201009985270
+201001616715
+201050378711
+201020696408
+201017443746
+201061065577
+201557157775
+201285574147
+201207055989
+201552551695
+201142296333
+201113777740
+201065833359
+201004326862
+201005093330
+201069436100
+201148361086
+201146585036
+201066806555
+201032400055
+201009600069
+201070816002
+201274556221
+201220291984
+201099181222
+201222635442
+201095313368
+201001746079
+201124555693
+201040321821
+201060827518
+201110777846
+201090320719
+201067956672
+201064917639
+201119890363
+201092100420
+201225048833
+201006100372
+201509956740
+201111070829
+201034936925
+201061740565
+201011411177
+201001702244
+201126880362
+201000853106
+201042431674
+201012167777
+201096809141
+201002792172
+201008286776
+201066884706
+201229371222
+201201697826
+201068645602
+201027331635
+201005064036
+201111196596
+201147090708
+201098866507
+201002916058
+201011154964
+201013783189
+201008304345
+201112622111
+201023205689
+201005260421
+201025398193
+201063055866
+201284681815
+201060444114
+201142518688
+201128933140
+201063621006
+201013644370
+201113455123
+201013766270
+201205452119
+201159290204
+201002875906
+201097629384
+201008212099
+201063366946
+201277950431
+201158924166
+201278942121
+201229235978
+201015752109
+201094177996
+201003792827
+201010222228
+201555767525
+201091030207
+201000060994
+201001223043
+201023195281
+201007266642
+201066609435
+201063836540
+201069963887
+201061327580
+201224262917
+201091944906
+201142896085
+201130386939
+201019533088
+201017831214
+201017779977
+201006267523
+201018544679
+201090700061
+201009207654
+201060363161
+201008183980
+201093230604
+201157999899
+201142240464
+201103686868
+201007249573
+201147076459
+201092714041
+201211151030
+201069319365
+201117734596
+201005461980
+201009503310
+201001192724
+201131680507
+201013281759
+201009304337
+201115070342
+201090956233
+201097257227
+201002554387
+201002849065
+201021910679
+201012767645
+201021531333
+201143006073
+201060372759
+201001086377
+201000090525
+201005560549
+201118779494
+201100236377
+201015615329
+201228384446
+201066192397
+201129267088
+201113543269
+201007956644
+201063966922
+201069995057
+201098297555
+201010306049
+201061445772
+201061661046
+201080971144
+201155009008
+201105385373
+201101502314
+201272260155
+201090408184
+201119235941
+201090400128
+201005312539
+201004969646
+201018336621
+201066300301
+201023192581
+201005212662
+201144500795
+201064747442
+201007789386
+201279239000
+201000718885
+201002487629
+201012038718
+201159888444
+201555811162
+201144444334
+201113416260
+201141800238
+201022496544
+201558026556
+201115144214
+201094320306
+201111892425
+201122446877
+201280440550
+201009101000
+201140965225
+201285075666
+201110985595
+201030959911
+201121709864
+201111892426
+201112211569
+201068073310
+201208552376
+201141018450
+201019164882
+201032402403
+201001547349
+201093505144
+201096262860
+201030431563
+201016205843
+201111555890
+201029079746
+201150745887
+201200073277
+201004736690
+201060722870
+201004229058
+201026166366
+201277555898
+201229588287
+201120943416
+201116662137
+201021999687
+201224167555
+201102955201
+201017905378
+201069943022
+201116165947
+201159407222
+201119413350
+201208252997
+201211666630
+201149272297
+201141996778
+201277653383
+201118785799
+201001069262
+201097725956
+201222896796
+201068000003
+201121841806
+201023423857
+201116226168
+201007776270
+201273037135
+201112325232
+201279867758
+201094688590
+201112841806
+201154457923
+201113571478
+201007687630
+201001432944
+201005208101
+201000154481
+201040909341
+201098304800
+201090790282
+201151363450
+201006168030
+201009964847
+201278527843
+201113671974
+201001340062
+201146824983
+201005358278
+201001876083
+201155319597
+201030008811
+201275577789
+201116915344
+201004788962
+201050567266
+201090463121
+201115222442
+201122013800
+201144601660
+201014292888
+201557367511
+201225516696
+201020106747
+201025693390
+201065007520
+201004409069
+201070649466
+201003747152
+201032764023
+201027758229
+201100660091
+201040299622
+201105907614
+201114239673
+201147510333
+201093632419
+201020825988
+201000167706
+201005883782
+201223406143
+201014337512
+201050004554
+201025115201
+201000364403
+201001664493
+201006451769
+201110604484
+201207777881
+201014714206
+201011566335
+201111660399
+201095417600
+201069109293
+201060666323
+201117775664
+201066239934
+201000634403
+201143026804
+201222113229
+201145035050
+201150081190
+201003831443
+201145079510
+201158545004
+201067080326
+201005573130
+201274022660
+201276969858
+201000755166
+201149801780
+201010333502
+201128940107
+201110258876
+201121539971
+201023052714
+201207808828
+201150646946
+201221212198
+201090572547
+201017726350
+201143899200
+201011898884
+201117770576
+201003017368
+201223366703
+201004434666
+201003328765
+201029000002
+201008408404
+201055115573
+201223798815
+201061613130
+201157533600
+201013493112
+201227816967
+201004721746
+201096111686
+201286714781
+201155509402
+201154226426
+201007984678
+201007067564
+201001450620
+201000179399
+201068850070
+201223944215
+201002408515
+201100367116
+201001226472
+201140044332
+201032601058
+201001503072
+201014295929
+201013726469
+201111360573
+201112633143
+201004049593
+201145014892
+201153609035
+201229689794
+201000733085
+201005097764
+201067248694
+201227905022
+201010071746
+201145519793
+201000620069
+201096626350
+201021968175
+201069767655
+201285241455
+201212312133
+201006077431
+201118725465
+201008336220
+201063534183
+201022069269
+201020010146
+201008621169
+201210000621
+201011894044
+201019192299
+201123451795
+201125036772
+201112182260
+201285212149
+201023270670
+201007645000
+201122464679
+201093119866
+201004375809
+201001658739
+201125256055
+201000707494
+201229871197
+201094083027
+201013781963
+201024545450
+201112633020
+201270174388
+201270050022
+201150337094
+201113332215
+201026086913
+201124432470
+201000141555
+201205175435
+201118944424
+201222440052
+201005209906
+201100668800
+201551173106
+201030823152
+201027397535
+201097957406
+201223827094
+201006595910
+201001636301
+201556492904
+201027919279
+201098898839
+201223388021
+201111328653
+201020402040
+201111711247
+201069937776
+201011341115
+201005740889
+201118711193
+201005610193
+201256858585
+201221991003
+201023774884
+201220049990
+201126822041
+201155597000
+201004599407
+201015253137
+201002000170
+201007472217
+201011870740
+201156297916
+201011223084
+201010976295
+201025530725
+201225961244
+201112829130
+201120477222
+201003540979
+201117704301
+201092395978
+201125600007
+201555510444
+201152752736
+201285709666
+201068338397
+201020341800
+201004167742
+201142888619
+201555027305
+201000822129
+201010075739
+201092048028
+201272888533
+201200063146
+201090527278
+201008666648
+201062375677
+201068633533
+201067121269
+201114100075
+201140941957
+201061692126
+201555405782
+201117926337
+201067473159
+201001288496
+201000600531
+201110420317
+201002200010
+201124305835
+201034938398
+201274092379
+201065782275
+201282378623
+201095704700
+201143606362
+201026458730
+201093384999
+201111380042
+201150040499
+201050630404
+201003459559
+201030390909
+201554856330
+201069680105
+201034938391
+201067665063
+201005522879
+201113651118
+201025510255
+201031154541
+201007076599
+201013103399
+201553480905
+201000920670
+201126220614
+201204652007
+201018222823
+201226443510
+201094377059
+201000447114
+201226616548
+201094746217
+201001167698
+201096767856
+201019225307
+201015017015
+201068866442
+201112489042
+201020526009
+201222632219
+201012495622
+201286122142
+201069642520
+201558770450
+201006095737
+201019605476
+201009213059
+201221009561
+201128030011
+201030000377
+201090327409
+201014454543
+201060097603
+201007416779
+201005451909
+201097041370
+201152786025
+201027720642
+201144877300
+201552323144
+201001842292
+201002795934
+201117252745
+201064625553
+201116108616
+201007333447
+201003030830
+201224139370
+201146987036
+201060889916
+201117792510
+201552323142
+201025513178
+201005111824
+201093851562
+201152001292
+201007362200
+201099331231
+201024238515
+201029170155
+201016761414
+201001912572
+201281819999
+201061802469
+201003441731
+201229434926
+201284683638
+201144068000
+201065002074
+201282421828
+201098347871
+201020402552
+201229576586
+201003784967
+201116596698
+201212954549
+201225191421
+201155041047
+201222878930
+201222813780
+201121491130
+201141113004
+201142745990
+201142074745
+201000118467
+201273536571
+201223947246
+201142873546
+201201824924
+201009086115
+201098899599
+201015303596
+201020405086
+201014863063
+201120666114
+201127009162
+201500399669
+201016103836
+201002857979
+201129893975
+201001196475
+201002646277
+201501524994
+201016111931
+201080971133
+201111362492
+201001484850
+201155230197
+201005893719
+201143249227
+201029699799
+201118702326
+201144043218
+201094055531
+201223813188
+201098008220
+201153827276
+201123736833
+201111141511
+201122237905
+201123800317
+201507611898
+201119195309
+201005365552
+201223626375
+201005095672
+201100055503
+201007071246
+201019093921
+201222957653
+201021813436
+201118211449
+201152115277
+201012163314
+201225420223
+201019849401
+201120159081
+201094900047
+201005741880
+201022060315
+201009285999
+201503303266
+201096965553
+201014739863
+201122336666
+201122699991
+201031663878
+201273602342
+201022677077
+201116583623
+201147085577
+201273620700
+201069768609
+201117155573
+201064798451
+201100098899
+201288806009
+201044038555
+201150415268
+201114382500
+201124815793
+201288808264
+201113263456
+201120449776
+201007407055
+201003141393
+201152454457
+201099373905
+201110888138
+201013741544
+201018829841
+201122873589
+201123255855
+201107190002
+201552692463
+201103339247
+201007187401
+201147060009
+201140855559
+201001655353
